<?xml version="1.0"?>
<opencv_storage>
<calibration_Time>"ven. 26 janv. 2018 17:54:03 CET"</calibration_Time>
<nrOfFrames>25</nrOfFrames>
<image_Width>640</image_Width>
<image_Height>480</image_Height>
<board_Width>7</board_Width>
<board_Height>4</board_Height>
<square_Size>35.</square_Size>
<FixAspectRatio>1.</FixAspectRatio>
<!-- flags:  +fix_aspectRatio +fix_principal_point +zero_tangent_dist -->
<flagValue>14</flagValue>
<Camera_Matrix type_id="opencv-matrix">
  <rows>3</rows>
  <cols>3</cols>
  <dt>d</dt>
  <data>
    1.0298593718717000e+03 0. 320. 0. 1.0298593718717000e+03 240. 0. 0.
    1.</data></Camera_Matrix>
<Distortion_Coefficients type_id="opencv-matrix">
  <rows>5</rows>
  <cols>1</cols>
  <dt>d</dt>
  <data>
    2.9045396128978623e-01 -1.9225626767026966e+01 0. 0.
    1.2572555742737995e+02</data></Distortion_Coefficients>
<Avg_Reprojection_Error>3.7186223349942562e+00</Avg_Reprojection_Error>
<Per_View_Reprojection_Errors type_id="opencv-matrix">
  <rows>25</rows>
  <cols>1</cols>
  <dt>f</dt>
  <data>
    2.28771091e+00 2.26969481e+00 2.53111196e+00 1.56588328e+00
    3.27783966e+00 4.51466513e+00 4.42398691e+00 4.40031862e+00
    4.16967201e+00 4.06708717e+00 3.94499707e+00 4.02208281e+00
    3.91659641e+00 3.92484379e+00 3.93676424e+00 3.91904616e+00
    3.86902070e+00 3.81817770e+00 3.86065221e+00 3.85817027e+00
    3.82426834e+00 3.83170462e+00 3.70795274e+00 3.69548082e+00
    3.61665273e+00</data></Per_View_Reprojection_Errors>
<!-- a set of 6-tuples (rotation vector + translation vector) for each view -->
<Extrinsic_Parameters type_id="opencv-matrix">
  <rows>25</rows>
  <cols>6</cols>
  <dt>d</dt>
  <data>
    -3.7293517304928020e-01 8.5468097085024827e-02
    1.6610623400866675e-02 -1.1938094093487616e+02
    -2.8278841433680064e+01 6.3107476691555894e+02
    -3.7255544379125849e-01 8.9937655271629655e-02
    6.3154814671843775e-03 -1.1569178866798646e+02
    -2.2334882557973419e+01 6.4003982104106603e+02
    -3.9154427805778963e-01 8.3912436066877847e-03
    1.3591787474702612e-02 -8.6376143778176512e+01
    -1.5677010632160052e+01 6.1347293633722506e+02
    -4.4776206042795941e-01 6.3322077004544647e-02
    -2.1467234784756616e-03 -9.8251834276720771e+01
    -3.5884509571416288e+01 6.2939016961344009e+02
    -3.3261842967597816e-01 1.2115211735729071e-01
    -4.8537692719099251e-03 -1.0548571523141436e+02
    -4.9915584904152048e+01 5.9507315281606964e+02
    -3.6560925241833930e-01 6.4473055671661714e-02
    -1.7179382301485781e-02 -1.0191546154242121e+02
    -5.4903514726463598e+01 5.2034093640204196e+02
    -3.7016514494240410e-01 7.7160534106798975e-02
    1.5835016396951989e-02 -8.8252952784571363e+01
    -5.9468378092973545e+01 5.0479919333298284e+02
    -3.1716626191271180e-01 9.3512682460918178e-02
    1.8494994663288498e-03 -9.0280051017584341e+01
    -5.8754884678261092e+01 5.0447445112105805e+02
    -3.0918232667814882e-01 8.9196439484458573e-02
    6.7870230065596830e-03 -8.8456369196145445e+01
    -5.8593148366805465e+01 5.0323010757323857e+02
    -3.2864059070517465e-01 1.1231057820023944e-01
    6.6632356849524879e-03 -8.8227468464261207e+01
    -5.7519513041495735e+01 5.0739742577536862e+02
    -3.0674948079813452e-01 9.2589778901400563e-02
    6.8582913963721303e-03 -8.9667219960131803e+01
    -5.9311655381602307e+01 5.0246300633333294e+02
    -3.1488685546934664e-01 9.2206245526065503e-02
    6.4242569462825147e-03 -8.9684305972737420e+01
    -5.8679133937716351e+01 5.0502742473870518e+02
    -3.0791432770977428e-01 8.8604404056892114e-02
    9.0360774127777894e-03 -8.9587839352509505e+01
    -5.9605998546776640e+01 5.0307926525791555e+02
    -3.0070709412677776e-01 9.8715733607778855e-02
    1.2709249466784700e-02 -8.8982907418332175e+01
    -6.0258174650554167e+01 5.0338251039285979e+02
    -2.9812173951008253e-01 9.4554799539357415e-02
    1.2677110661503579e-02 -8.8873705863389688e+01
    -6.0606570246123930e+01 5.0206148648972936e+02
    -3.0859649579669390e-01 1.0116552193099769e-01
    1.3366116089902824e-02 -8.8964165338146742e+01
    -6.0296276068873247e+01 5.0391008852246290e+02
    -3.0117276184653696e-01 8.3968667610845760e-02
    1.4499608086435785e-02 -8.9617083847088125e+01
    -6.1152261211608568e+01 5.0189346677830423e+02
    -3.0830827682361284e-01 9.7631412108192164e-02
    1.2938758236877115e-02 -9.1189052440359774e+01
    -6.1398392924947267e+01 5.0546935180653202e+02
    -3.0809772296997090e-01 7.6307727378640750e-02
    1.1461375309035036e-02 -9.2340768602052592e+01
    -6.1802158670052840e+01 5.0471949247247738e+02
    -3.0656598717781580e-01 9.7460550895951570e-02
    1.3239600613594443e-02 -9.1635300817579491e+01
    -6.1938037752414587e+01 5.0618171445289607e+02
    -2.9902500796792225e-01 7.9978861220544692e-02
    1.5958095342653102e-02 -9.2056838609178868e+01
    -6.3150442212005061e+01 5.0377135023281153e+02
    -2.9766255625566440e-01 8.4647366524198506e-02
    1.7714178783115216e-02 -9.1827812023486970e+01
    -6.3575602927414984e+01 5.0443289725320273e+02
    -2.9711884630448970e-01 7.3389353889218759e-02
    2.2648831586682523e-02 -9.1934049832787565e+01
    -6.4732280050496257e+01 5.0226553382572246e+02
    -3.0334864399687805e-01 6.5328421699534608e-02
    3.0533635042265261e-02 -9.1181921905154780e+01
    -6.5653600863580778e+01 5.0330800237318550e+02
    -2.9559533054525283e-01 3.9101285768456145e-02
    2.6821497802214937e-02 -9.3461931479526044e+01
    -6.6766093618588371e+01 4.9903678169085271e+02</data></Extrinsic_Parameters>
